0.430082134791,-0.0142465915932,0.379754636158
0.463265854433,-0.018695392031,0.462562204869
0.51728333679,-0.0133188898542,0.559941549171
0.614136892021,0.0231810556477,0.663567750165
0.645446029293,0.0215811364716,0.767339173321
0.675758818044,0.0227465523356,0.869374385661
0.74964946774,0.0798420462175,0.968333166679
0.77895613017,0.0893621438129,1.06295195304
0.806214045168,0.102830204125,1.15001053178
0.849668304883,0.156721226084,1.23901326484
0.872420141013,0.171539127926,1.32310044766
0.892620888841,0.193070038646,1.39510516221
0.917910266603,0.256139965708,1.46493240465
0.932064762677,0.269966230307,1.52836883321
0.941699082816,0.278947732606,1.57478180837
0.945471589509,0.336100678568,1.59481578785
0.946337844345,0.372734148685,1.60355063968
0.948172183676,0.404327488753,1.61790719327
0.950407135385,0.426330737447,1.63427258827
0.953660335227,0.44503042095,1.65647802656
0.95195716875,0.529215960759,1.68407842214
0.957055681731,0.543052406627,1.71732271781
0.961337862454,0.567687580535,1.75662197616
0.952673154882,0.66414559976,1.80334175348
0.957737446292,0.690116458332,1.85817553425
0.963132087295,0.717768213293,1.9236203405
0.94800664504,0.803560002994,2.00144047226
0.954968050778,0.832347601526,2.09397476907
0.959919577558,0.864014821423,2.19553100579
0.930438323247,0.939801738877,2.29863136943
0.929020017307,0.971123390446,2.398484975
0.92213087566,1.00411098668,2.49758307029
0.882731806206,1.05754810988,2.59386261949
0.874765989258,1.08286104833,2.68190532806
0.863390332825,1.10753769183,2.76794404946
0.797900596638,1.1496291505,2.84490586172
0.773929207867,1.17206727274,2.91764202015
0.745902055255,1.19278664112,2.98798410433
0.66043465786,1.21907200053,3.05286004091
0.638219170848,1.23251447825,3.11026017468
0.615512761791,1.24093622402,-3.13426440293
0.52290337807,1.2426756864,-3.12216354683
0.50713047598,1.24377929084,-3.11511054465
0.488062036129,1.24535853248,-3.10468385
0.389088633712,1.24454000666,-3.090497926
0.355053295526,1.24642835459,-3.07235017646
0.322427236028,1.24884986395,-3.04893939486
0.273163615292,1.25002849414,-3.02021250248
0.22533414531,1.25091564336,-2.98675749029
0.199098888033,1.25489190737,-2.94674551553
0.177623815373,1.26022320487,-2.8996083005
0.0775701139388,1.24715962365,-2.84285693824
0.0507216505732,1.25336275352,-2.77326178117
0.023025950315,1.2600774281,-2.6914526831
-0.068841442562,1.23680979993,-2.59546474326
-0.0962351552482,1.24434439634,-2.49107081769
-0.125099239572,1.24777629199,-2.38900424232
-0.20587068364,1.19969413447,-2.28743781743
-0.235447215803,1.1954460939,-2.18894810926
-0.264900743469,1.18781845472,-2.09009130383
-0.317247538169,1.13507955407,-1.99281524231
-0.342375323902,1.12343517887,-1.90124809697
-0.369499863512,1.10105163649,-1.80845486551
-0.402880554165,1.02937901732,-1.7300396058
-0.419311529321,1.01071600654,-1.66331513473
-0.433626281034,0.985103054915,-1.60355745683
-0.44399121719,0.926183726048,-1.56125489606
-0.446768552719,0.90837723896,-1.54650153167
-0.448058565631,0.885714291409,-1.53729405305
-0.448315209848,0.802930090762,-1.52212917227
-0.450873776324,0.786962423606,-1.50544452094
-0.453477666904,0.7606488113,-1.48382184798
-0.444807771251,0.597747518882,-1.45619349146
-0.44616468801,0.552784203001,-1.42365506765
-0.446942307411,0.504611730982,-1.38436263757
-0.447376418128,0.457473465486,-1.33835766394
-0.447656459484,0.411273416363,-1.28351589929
-0.452632672513,0.38253827173,-1.2185611473
-0.458316966526,0.352709107448,-1.13985258134
-0.428963188611,0.245270380981,-1.04799868157
-0.432709057113,0.211041921526,-0.945294144921
-0.430857792276,0.173775894126,-0.842678252965
-0.384051630067,0.0909302847946,-0.740703079044
-0.380255575556,0.0611706829993,-0.642774980671
-0.37774633649,0.0350696550509,-0.544911657578
-0.318070446561,-0.0218233191541,-0.455550603548
-0.300737899726,-0.0499670481849,-0.366559118298
-0.280822503945,-0.0755298074864,-0.282256649017
-0.20732278943,-0.112046900904,-0.208755522354
-0.188261069448,-0.130212442799,-0.139208280406
-0.173205667915,-0.1455647472,-0.0732381799071
-0.068819202983,-0.16399197413,-0.0192823807796
-0.0436097837513,-0.171064075403,0.0137344275004
-0.0203328738782,-0.17250040248,0.0225197980577
0.0613674877125,-0.172290057485,0.0306709637117
0.0792460263353,-0.17442219475,0.0440826251659
0.0933878336272,-0.177052162211,0.0603576045071
0.179637091528,-0.17591293146,0.0807182978494
0.201176582549,-0.179114107393,0.105407018036
0.219230993708,-0.183286010763,0.135726759355
0.333802485759,-0.174863592259,0.171624752957
0.361436864203,-0.178766559864,0.214611544631
0.436546268434,-0.172865037205,0.265993464226
0.481070216082,-0.17326442223,0.326772699477
0.534227917136,-0.170691963891,0.400406218536
0.583338130354,-0.168520587458,0.486827102894
0.638124260171,-0.162157999014,0.587849483273
0.686240287914,-0.154724483615,0.691382560119
0.741147462714,-0.135743415035,0.794345335523
0.78860185147,-0.115642097451,0.894148517642
0.827247732067,-0.0986283530025,0.992468092458
0.855244692076,-0.0910001649053,1.08975035549
0.883301920781,-0.0790742848674,1.18744393747
0.930901741769,-0.0114193031388,1.28250805015
0.955912226836,0.00854547094273,1.37483210668
0.976819616174,0.0356339585292,1.45154222596
0.999571680967,0.117726656913,1.51603782626
1.01088254923,0.140083717376,1.5666157448
1.01591674042,0.152122760877,1.5915874506
1.01578543688,0.229413288043,1.59896839329
1.01742271894,0.250694533474,1.6101588657
1.0197581415,0.26896882661,1.62544178512
1.01866376937,0.355453749445,1.64362249507
1.02198745123,0.372297889242,1.66636828005
1.02506618184,0.401200159561,1.69555408394
1.02195473561,0.480536211258,1.72957662491
1.02616764274,0.506203298252,1.77081567871
1.03075102263,0.531925674165,1.81903425708
1.01821251046,0.62872508758,1.87748529368
1.02537073858,0.651749646043,1.94680274945
1.03038477832,0.682740712297,2.02763355191
1.0032434047,0.780431451035,2.12216041507
0.997850119853,0.827875212162,2.22447292049
0.980928909242,0.883002507078,2.32592226074
0.957925632473,0.936800984529,2.42753160773
0.9390410095,0.979285962055,2.52718375753
0.931466485974,1.00740720855,2.62108628271
0.919353107966,1.03426018068,2.70816610317
0.863674048827,1.07921805549,2.79597765576
0.844752006825,1.10605658396,2.89105012418
0.824973637914,1.12997527918,2.98320156854
0.735439242433,1.16210637625,3.07198117281
0.707170795243,1.17908433119,-3.13582477983
0.678349149968,1.18894627255,-3.08546032285
0.590041931067,1.18893558908,-3.06069187145
0.56582527094,1.19222122197,-3.03447445633
0.537828804341,1.19560624993,-3.00259366766
0.459589111119,1.19198404203,-2.96621579322
0.43470455638,1.19645529627,-2.92232487745
0.404567528198,1.2002215659,-2.87093405717
0.316705479397,1.18887414422,-2.80778883578
0.291206381758,1.19588330289,-2.7323780625
0.263395203833,1.20318631023,-2.64278675112
0.172667679986,1.17665312255,-2.54128041632
0.138671316685,1.17845388273,-2.43676377774
0.110437008624,1.18131774067,-2.33335076899
0.0380340947809,1.13387059548,-2.23452156579
0.00833699968502,1.12762123379,-2.13587002592
-0.0187609223109,1.12063991865,-2.03923627012
-0.0779447951008,1.04561804997,-1.94368017635
-0.106222561524,1.01614846296,-1.86511188955
-0.134553713345,0.972550616965,-1.79229409942
-0.152964894449,0.954262372698,-1.72212404808
-0.168680055458,0.937697496076,-1.656540478
-0.188186504024,0.845273914791,-1.59864235626
-0.196529526548,0.82151466532,-1.56012266131
-0.198758382998,0.800866642536,-1.54786495877
-0.198423491405,0.715869249386,-1.5397904385
-0.200191348732,0.68985572264,-1.52690984534
-0.20208410077,0.663691669876,-1.51169695635
-0.201773991651,0.587296631085,-1.49064753685
-0.205641156939,0.570322183639,-1.46452100512
-0.209031435758,0.545231855505,-1.43428016741
-0.204367951646,0.456894778432,-1.39715285718
-0.208231086451,0.428783299202,-1.35367824153
-0.212602537005,0.400376537762,-1.30149601913
-0.198103929179,0.301417714463,-1.23938523125
-0.203619516884,0.271656981388,-1.16436965911
-0.20891733483,0.239673601807,-1.07607985342
-0.177928541715,0.14047824544,-0.975998427085
-0.175858288535,0.100666977317,-0.871979290011
-0.173434508324,0.0659342721885,-0.768496126711
-0.13588430502,0.00260110582642,-0.670397694763
-0.12731285524,-0.029259908043,-0.571248253805
-0.111530303729,-0.0623894088384,-0.473650760078
-0.0362759718391,-0.1227362366,-0.375846516311
-0.025788390474,-0.147466900543,-0.279173761637
-0.025788390474,-0.147466900543,-0.279173761637
-0.00606384076264,-0.18135156137,-0.141537833754
0.0377892892234,-0.205115361441,-0.0541151042939
0.0825261644066,-0.221703673998,0.0170717911597
0.132561610047,-0.2297986108,0.0619875472971
0.157317455281,-0.233169613756,0.0865285957299
0.177719915338,-0.236957264091,0.114277155377
0.262101419019,-0.233497537701,0.145281639162
0.288885163934,-0.23729723512,0.183594409691
0.317853807315,-0.241007724923,0.228454481406
0.41392096436,-0.230018814791,0.283994643956
0.437689194923,-0.236544283192,0.348997701872
0.460734329393,-0.244427796015,0.425991975621
